  
   1.00000  0.00126  0.42147
   0.99392  0.00292  0.23436
   0.98333  0.00577  0.15302
   0.97098  0.00904  0.08696
   0.95718  0.01262  0.03219
   0.94237  0.01638 -0.01558
   0.92696  0.02021 -0.05851
   0.91123  0.02403 -0.09732
   0.89533  0.02780 -0.13289
   0.87933  0.03149 -0.16641
   0.86327  0.03511 -0.19730
   0.84718  0.03864 -0.22693
   0.83106  0.04208 -0.25497
   0.81492  0.04544 -0.28203
   0.79875  0.04870 -0.30766
   0.78258  0.05188 -0.33290
   0.76638  0.05496 -0.35761
   0.75017  0.05796 -0.38144
   0.73395  0.06086 -0.40476
   0.71772  0.06368 -0.42771
   0.70148  0.06640 -0.45023
   0.68523  0.06902 -0.47286
   0.66898  0.07155 -0.49477
   0.65272  0.07398 -0.51667
   0.63645  0.07632 -0.53852
   0.62019  0.07855 -0.56059
   0.60392  0.08069 -0.58186
   0.58766  0.08272 -0.60405
   0.57140  0.08465 -0.62543
   0.55514  0.08647 -0.64766
   0.53889  0.08818 -0.66961
   0.52265  0.08978 -0.69205
   0.50642  0.09127 -0.71485
   0.49021  0.09264 -0.73773
   0.47402  0.09390 -0.76122
   0.45785  0.09503 -0.78595
   0.44172  0.09603 -0.81134
   0.42564  0.09690 -0.83859
   0.40965  0.09765 -0.86820
   0.39382  0.09824 -0.90821
   0.37817  0.09865 -0.93928
   0.36263  0.09885 -0.96543
   0.34716  0.09884 -0.98867
   0.33174  0.09863 -1.00980
   0.31639  0.09821 -1.02905
   0.30109  0.09757 -1.04662
   0.28586  0.09672 -1.06221
   0.27069  0.09564 -1.07647
   0.25561  0.09433 -1.08843
   0.24061  0.09280 -1.09940
   0.22571  0.09103 -1.10827
   0.21092  0.08902 -1.11530
   0.19626  0.08678 -1.12097
   0.18175  0.08429 -1.12412
   0.16741  0.08155 -1.12626
   0.15327  0.07856 -1.12590
   0.13937  0.07533 -1.12408
   0.12576  0.07185 -1.12015
   0.11254  0.06815 -1.11415
   0.09978  0.06426 -1.10661
   0.08762  0.06020 -1.09742
   0.07622  0.05606 -1.08602
   0.06572  0.05190 -1.07354
   0.05625  0.04782 -1.05921
   0.04786  0.04389 -1.04396
   0.04055  0.04017 -1.02680
   0.03423  0.03668 -1.00765
   0.02879  0.03343 -0.98619
   0.02411  0.03040 -0.96243
   0.02008  0.02756 -0.93379
   0.01660  0.02489 -0.90052
   0.01357  0.02236 -0.85991
   0.01095  0.01995 -0.81143
   0.00867  0.01764 -0.75134
   0.00671  0.01541 -0.67892
   0.00502  0.01324 -0.58839
   0.00360  0.01113 -0.47846
   0.00242  0.00906 -0.34499
   0.00148  0.00703 -0.18590
   0.00077  0.00504 -0.00421
   0.00029  0.00309  0.19612
   0.00004  0.00120  0.39996
   0.00001 -0.00064  0.59165
   0.00020 -0.00249  0.76234
   0.00065 -0.00436  0.89869
   0.00137 -0.00623  0.97902
   0.00239 -0.00805  0.99934
   0.00369 -0.00980  0.96795
   0.00527 -0.01148  0.90274
   0.00712 -0.01307  0.82011
   0.00925 -0.01459  0.73314
   0.01167 -0.01603  0.64913
   0.01438 -0.01741  0.57091
   0.01744 -0.01873  0.50112
   0.02087 -0.02000  0.43857
   0.02476 -0.02123  0.38347
   0.02916 -0.02242  0.33540
   0.03419 -0.02357  0.29365
   0.03998 -0.02467  0.25738
   0.04667 -0.02572  0.22664
   0.05445 -0.02670  0.20071
   0.06345 -0.02758  0.18019
   0.07377 -0.02833  0.16404
   0.08543 -0.02891  0.15260
   0.09832 -0.02929  0.14500
   0.11223 -0.02947  0.14102
   0.12696 -0.02945  0.13984
   0.14228 -0.02924  0.14070
   0.15806 -0.02887  0.14283
   0.17418 -0.02837  0.14638
   0.19056 -0.02776  0.15011
   0.20714 -0.02707  0.15450
   0.22389 -0.02630  0.15925
   0.24078 -0.02549  0.16363
   0.25777 -0.02465  0.16811
   0.27484 -0.02379  0.17239
   0.29194 -0.02292  0.17593
   0.30901 -0.02207  0.17951
   0.32603 -0.02124  0.18225
   0.34301 -0.02043  0.18421
   0.35994 -0.01967  0.18541
   0.37686 -0.01894  0.18547
   0.39378 -0.01827  0.18304
   0.41076 -0.01762  0.17649
   0.42781 -0.01697  0.17489
   0.44491 -0.01629  0.17422
   0.46204 -0.01560  0.17463
   0.47921 -0.01490  0.17517
   0.49639 -0.01420  0.17590
   0.51357 -0.01350  0.17738
   0.53074 -0.01280  0.17856
   0.54790 -0.01211  0.17972
   0.56503 -0.01143  0.18111
   0.58215 -0.01076  0.18262
   0.59926 -0.01011  0.18379
   0.61635 -0.00947  0.18542
   0.63342 -0.00885  0.18647
   0.65049 -0.00825  0.18778
   0.66755 -0.00768  0.18894
   0.68459 -0.00712  0.19000
   0.70164 -0.00659  0.19125
   0.71867 -0.00608  0.19207
   0.73570 -0.00560  0.19316
   0.75273 -0.00514  0.19401
   0.76976 -0.00471  0.19518
   0.78678 -0.00431  0.19606
   0.80381 -0.00393  0.19730
   0.82084 -0.00357  0.19833
   0.83786 -0.00324  0.19993
   0.85489 -0.00294  0.20116
   0.87190 -0.00266  0.20338
   0.88889 -0.00241  0.20611
   0.90581 -0.00218  0.20930
   0.92258 -0.00197  0.21387
   0.93902 -0.00179  0.22025
   0.95483 -0.00163  0.22915
   0.96953 -0.00150  0.24298
   0.98258 -0.00139  0.26400
   0.99368 -0.00131  0.30068
   1.00000 -0.00126  0.42147
